10,18
10,96
10,178
10,180
10,118
10,72
10,138
10,140
9,7
9,4
9,1
9,6
9,2
9,3
8,11
8,12
8,6
8,1
8,17
8,3
25,3
25,2
25,1
25,0
20,3
20,2
20,1
19,3
19,2
19,1
12,3
12,2
12,1
11,28
11,27
11,26
11,25
11,24
11,23
11,22
11,21
11,20
11,19
11,18
11,17
11,16
11,15
11,14
11,13
11,12
11,11
11,10
11,9
11,8
11,7
11,6
11,5
11,4
11,3
11,2
11,1
10,303
10,296
10,295
10,294
10,292
10,291
10,290
10,288
10,287
10,286
10,285
10,284
10,283
10,279
10,277
10,274
10,271
10,270
10,266
10,265
10,264
10,261
10,255
10,219
10,187
18,1
